--
reference: MRW (19Aug11)
--
13277518785516[14483848717682]
-23536694262026[15962244871097]
66139371352551[16083127751238]
-51286923607451[16248096944867]
30595918264284[16326085782557]
36498915372523[19507778531302]
27237135783378[20293776947868]
51626209504172[21602138452318]
7875088319646[69569213044365/2]
-41580777192839[36918949984093]
-22302579909574[69971515635443]
-44427687575869[83979525486773]
25961834284111[194151845499011/2]
30168587862015[129271780546462]
-74409661277039[158682175700807]
9673346827427[256093522057693]
14474716475190[309087578314273]
-4772367047272[474397757071282]
189495491757[600662758381590]
-10264867439083[686308367425978]
1254359348858[832181505450757]
1070813886195[1367017926441055]
45416794855829[1443713070245525]
57396108038221[2799978903689557]
26090626900014[7783134400901473/2]
20324848162002[4088593248636842]
8073515547771[4161072789242257]
-7630931865843[6805164953551432]
-23436369811495[7474541196075273]
24756604315846[74295753693510382]
