--
reference: MRW (17Dec03)
--
-1091254677[32863722478]
4584590624[86479075199/2]
20005806781[112899039159/2]
29548632629[134062280661/2]
14152390555[71617196968]
-9898321167[78535779057]
6651692206[102428655030]
-6310889300[116206866693]
-670681088[197877956739]
-32704077279[204190585273]
-8731080309[225891903693]
25604568313[283378114193]
-17965372180[324363564309]
12053114179[469027618483]
-9291628555[492806748932]
3636919880[821345641657]
-35423119903[3737240479718]
21461097625[28148191112477]
-2325609998[55707370528529]
-4825429989[69971515635443]
-6305899112[109805699900318]
-28558727370[7474541196075273]
