--
reference: MRW (23Oct06)
multiple: 1
--
20708609162868[14483848717682]
-12966160189957[15962244871097]
3597087692134[16083127751238]
11642181153180[19507778531302]
-8667893079315[20293776947868]
-6966026305872[28711694592682]
141805397771[31216978800818]
-3766061865714[33308851938318]
-4927333029220[41887379804066]
4182537213465[69971515635443]
-5357187281823[83979525486773]
4751174400770[127528611030443]
112792332098[158682175700807]
18530595724768[187458398552950]
7801359916682[211773236092865]
5332264050295[240926005152903]
-809848494150[256093522057693]
1367940952894[258213230677943]
9654079437945[317335434728073]
-1168908312399[370392816588001]
-3151844264348[758341235653128]
8316937570619[830202489183166]
13026319660280[1143900177872158]
3378568752207[1427056404016693]
3459254257964[2270451385422943]
10303334826451[4088593248636842]
-2006889423108[4161072789242257]
-232655238898[4204987898062723]
-8625233353765[6805164953551432]
2547519256234[7474541196075273]
