--
reference: MRW (8Aug06)
--
1277084391[148431551771]
177605751831[181932669739/2]
83170521512[168722145007]
117391063919[202954204459]
127258327118[221943811240]
8781859597[250645741818]
49972158910[261217252912]
74769950106[269007136889]
53213431182[548275361132]
-117153246756[662573197307]
-36235865289[1372432573478]
-33725330227[2105653391693]
-62124801195[3761284561432]
12821096394[5142102426318]
-177849865563[5745192731179]
79329923275[13078246979509/2]
-114499180284[8589803519307]
-94032408957[10892900268195]
-47327653406[17780261434697]
-104296870860[25331597869589]
52685643041[165171481279982]
71693806714[169838669284032]
-129264296173[1948025182233307]
40844821949[1976865441422893]
