--
reference: MRW (10Aug06)
--
1699217796[1426584882]
2043916063[5493779561/2]
1156661619[10355370165/2]
-838153955[8634733487]
2006256835[8895085098]
1358551128[12957904393]
-664353469[38185029043]
-1466037109[112899039159/2]
2304459278[66492889557]
-1276691331[82926000318]
1018873969[102428655030]
-2711606134[120563046313]
-55228636[250645741818]
-60910832[672369361511/2]
537805116[548275361132]
-600527519[579766497643]
1259463641[838010977198]
-1458944482[13474294213307]
-955288243[46150510628682]
1389745516[69971515635443]
