--
reference: MRW (26Mar04)(¢¢1.95164)
multiple: 2
--
-2182509354[32863722478]
32406924577[86479075199/2]
27389834962[112899039159/2]
21993891810[71617196968]
28684658195[78535779057]
-22556137517[102428655030]
-18268216205[197877956739]
-4840382018[225891903693]
-1577239332[283378114193]
-16926854029[632886751489/2]
16855631598[324363564309]
17795339058[469027618483]
4654486219[492806748932]
29548632629[573904314793]
-22274792869[821345641657]
-5438085248[3737240479718]
6310889300[7407742635682]
13373562621[28148191112477]
-21578074025[55707370528529]
7275994051[69971515635443]
-12611798224[109805699900318]
25217553847[7474541196075273]
