--
reference: MRW (26Mar04)(¢¢1.95515)
multiple: 2
--
-8493398654[32863722478]
32704077279[49476317237]
21993891810[71617196968]
19218324245[78535779057]
9169181248[86479075199/2]
39696572391[102428655030]
7307536283[112899039159/2]
-27734550155[197877956739]
-17462160618[225891903693]
24815948647[283378114193]
-3226667081[324363564309]
-8597848921[469027618483]
14120820169[492806748932]
7273839760[821345641657]
6310889300[1682005443607]
27265992031[3737240479718]
-26393187979[8256835333313]
10218117971[28148191112477]
-31044407975[55707370528529]
16742328001[69971515635443]
13781389755[109805699900318]
1979810518[7474541196075273]
