--
reference: MRW (21Jul11)
multiple: 1
--
1765256872[102428655030]
2219455836[112899039159/2]
16400147088[115004793075/2]
-12973672178[113044448178]
5655282912[120563046313]
66781480583[258565442223/2]
-23048473146[146235453343]
-13734286466[157245105893]
-4636812545[191092631540]
9269698575[378137211957]
61270102383[1097963074309/2]
55458754346[810494143407]
48134463834[1029114662298]
-1916692835[2267426627682]
-211375485[3037967579288]
42383332880[3737240479718]
27391755905[5489234813093]
-3822622031[5506897705002]
-50341939580[10463035477341]
13665503364[14113057272907]
44188050114[30586892281911/2]
-14749205389[15962244871097]
463292814[74295753693510382]
