--
reference: MRW (9Aug06)
multiple: 2
--
6310889300[10355370165/2]
-2182509354[32863722478]
7460520079[42354792693]
10318812027[86479075199/2]
996646983[112899039159/2]
-4399296169[71617196968]
6596545645[78535779057]
-6778914267[102428655030]
4969527124[197877956739]
-4840382018[225891903693]
5883280747[283378114193]
-3226667081[324363564309]
5173560458[469027618483]
1499041569[492806748932]
962950460[821345641657]
872804052[3737240479718]
-7460520079[11830545643782]
3907228671[28148191112477]
1659669304[55707370528529]
4120549401[69971515635443]
-6300908924[109805699900318]
1979810518[7474541196075273]
