--
reference: MRW (10Aug06)
--
-460943012[2112819717]
1003031511[2420845318]
558684045[4895309741/2]
56618415[7850392761/2]
1895322470[3985944689]
-1397784519[6608082112]
399743196[9396687283]
1425926975[29777042712]
176628573[86479075199/2]
-452482886[112899039159/2]
241231707[225891903693]
-690878633[283378114193]
226333622[632886751489/2]
-930796742[324363564309]
-135149311[573904314793]
140672324[821345641657]
-1064167436[3737240479718]
-1281483350[28148191112477]
153362957[69971515635443]
-1665386849[7474541196075273]
