--
reference: MRW (6Aug06)
--
219593681620[1688341225737]
1575332280782[2554491928011/2]
423458500697[2056424542203]
-44104681871[2057093978843]
-764616852139[2292939666693]
1831521707088[2423153939240]
-2267864534088[6646491492891/2]
825236502708[3419484435037]
-2185967974[5142102426318]
125643612469[16883072401443]
-794685098082[18104444568932]
793993734436[43777069138111/2]
-707427862909[27224803284193]
1367412767206[29308445163057]
905743507234[35527561593282]
447598749937[45773351286993]
312562676320[74305247702057]
-1209465964560[79090959114159]
-686411671708[159493341500663]
-195309889378[169838669284032]
56826149763[229180244713453]
212684651479[339124474237367]
318834286185[526264109797943]
929909720597[903521917122898]
749077525260[1427056404016693]
-475431648325[3244023007885213]
-1001377600513[9505680304081018]
