--
reference: ASN (16Jun11)
multiple: 1
--
14738929050[102428655030]
-1603166195[112899039159/2]
3426474910[115004793075/2]
40692282879[120563046313]
9619758291[258565442223/2]
-10074800968[146235453343]
-760614288[157245105893]
43373859600[191092631540]
9269698575[378137211957]
20904674300[1097963074309/2]
18240705758[798587208809]
-16121051673[810494143407]
-14294292038[1029114662298]
-14418083727[2196973730667]
-1916692835[2267426627682]
-211375485[3037967579288]
2017904797[3737240479718]
-6153889466[10463035477341]
4514453217[14113057272907]
-331121662[15962244871097]
16796294209[53518224361625/2]
12973672178[150361024828932]
-17777412944[74295753693510382]
