--
reference: MRW (8Aug06)
--
37020678992[112899039159/2]
19868605279[130869454251/2]
-10961859502[117791038799]
24669902591[142140039332]
7247811946[208666916697]
-52619589814[225891903693]
-16985132552[324363564309]
22999879611[554317058118]
-27035375442[579766497643]
-12392753524[1559713395133/2]
24663081548[821345641657]
-7580081230[868814411577]
-1597308111[3737240479718]
-14284991338[4559728967067]
6976580200[14769089846839/2]
23587181536[8256835333313]
-829834652[10041983931693]
-38700417851[11830545643782]
-13640591243[28148191112477]
-21726796682[29676519680807]
13967369125[69971515635443]
-24856373466[192126409878994]
-3408178540[7474541196075273]
-19633195409[24412992821228897]
