--
reference: MRW (19Aug11)
multiple: 1
--
1562227346839[15962244871097]
4453893359553[20293776947868]
-1006730223761[53518224361625/2]
6224773533370[56365016607239/2]
5201398958342[33308851938318]
490074590590[41887379804066]
8084190463420[58705151760538]
-581431634847[69971515635443]
-5252399358138[74285407663082]
2779704764772[83979525486773]
929419954910[127528611030443]
2069462752621[158682175700807]
-2530432350763[351408485766961/2]
-1121276402117[187458398552950]
2166442779856[187530264407868]
2241934708738[211773236092865]
-2874096462658[240926005152903]
5727630460927[258213230677943]
1073811048697[317335434728073]
-3796594153635[370392816588001]
1197040928958[399185179810283]
-2627685841236[594966589999007]
3598954777267[758341235653128]
-1268347347231[830202489183166]
491669459716[1086889881361383]
319965746319[1143900177872158]
-5281866222043[1427056404016693]
256582535073[2270451385422943]
4703278779965[4204987898062723]
-2572424990946[6805164953551432]
