--
reference: MRW (21Jul11)
--
36832954107[102428655030]
-14576838373[112899039159/2]
12546827789[115004793075/2]
53665955057[120563046313]
-21594619645[258565442223/2]
-19195153847[146235453343]
21333410769[157245105893]
34253506721[191092631540]
22243370753[378137211957]
11784321421[1097963074309/2]
-38215076730[810494143407]
-49361989273[1029114662298]
7675941330[1131133876777]
20177332222[2267426627682]
-3822622031[2554104718836]
8908977394[3037967579288]
2017904797[3737240479718]
-9120352879[3931260155877]
15940135591[10463035477341]
8367772516[14113057272907]
25616222694[15962244871097]
-22094025057[143321763441087]
-21630732243[74295753693510382]
