--
reference: MRW (28Feb08)
--
-7552200049915[11244667034168]
5283443196094[13471100859672]
3966744358328[13502703082318]
-1716781902296[14483848717682]
12779030794[15962244871097]
16321062433726[20293776947868]
-21501680522[33308851938318]
6687437663844[41887379804066]
-6993703498062[56217817479361]
-3056457859008[120734320006489/2]
-5594559914378[69971515635443]
7877280399541[83979525486773]
4083131304391[127528611030443]
3682469564116[158682175700807]
4502324740897[187458398552950]
5395646058219[211773236092865]
-12045824924396[240926005152903]
3440102566611[258213230677943]
-309097441586[317335434728073]
3941473457605[370392816588001]
7265885499758[758341235653128]
-1939362767944[830202489183166]
10546160853813[1143900177872158]
-3422449291993[1427056404016693]
-14809061986242[2270451385422943]
3846395797927[4204987898062723]
9047627409058[6583404855656943]
-1016455074573[6805164953551432]
-5623601143014[7672113772158307]
3913340841046[73243144300402318]
