--
reference: MRW (6Aug06)
--
-297584066975[1250614473568]
1462122273314[2554491928011/2]
441203210885[1688341225737]
54640835796[2056424542203]
-888713258668[2292939666693]
755463791811[2423153939240]
-1849157865266[6646491492891/2]
867164163490[3419484435037]
-287714165190[5142102426318]
-231553613560[14483848717682]
-387060170270[18104444568932]
212029412804[21856860577557]
750329008837[43777069138111/2]
-44785188872[27132766222219]
-674030846366[27224803284193]
1087200451669[29308445163057]
538426407788[35527561593282]
-448451644120[79090959114159]
-343886342855[159493341500663]
-132157754790[169838669284032]
172924450877[229180244713453]
32557633733[339124474237367]
136684295156[526264109797943]
-56428581645[977167012914932]
1014492085452[1427056404016693]
-692388305690[3244023007885213]
-821005715168[9505680304081018]
