--
reference: MRW (19Aug11)
--
-1361260597571[11244667034168]
892831341338[15962244871097]
12039927490494[20293776947868]
262677472534[53518224361625/2]
1237903558734[33308851938318]
3717772122620[41887379804066]
-2397064310546[53453286489686]
4256481240596[58705151760538]
-281425789450[69971515635443]
-6083032579622[74285407663082]
6907419832993[83979525486773]
-2967673582621[127528611030443]
2997076001340[131001068999312]
7763608909904[158682175700807]
5791399647756[351408485766961/2]
3072840528181[187458398552950]
741905481753[211773236092865]
-5732403834584[240926005152903]
1899921238103[258213230677943]
1604438424784[317335434728073]
1228155998147[370392816588001]
6296024933210[758341235653128]
-5396062415452[830202489183166]
-2966649603004[1086889881361383]
9406029104245[1143900177872158]
-487737600951[1427056404016693]
-5898806683590[2270451385422943]
2906226160213[4204987898062723]
-5500116677579[6805164953551432]
-3597087692134[54969362078559518]
