--
reference: MRW (9Aug06)
--
6397557800[11566119443]
-1141824702[20825269187]
1130994601[38185029043]
1662991458[48389473527]
2844530751[112899039159/2]
1863457143[115004793075/2]
5408656592[66492889557]
1606032382[111110023057]
4791245048[120563046313]
3962534706[313329771682]
-1470311456[425963011457]
-4395823724[501226901209]
4027605194[828289603318]
239957292[2136194739989/2]
-1732410484[1130041002202]
-1634022179[1921044951457]
2882691516[2184851093363]
2783565529[15962244871097]
4545946721[46150510628682]
3750244355[69971515635443]
785492044[222158954830457]
1665942851[4439568777547493]
