--
reference: MRW (19Aug11)
--
41536826916976[13502703082318]
80516695088249[27090218802849/2]
58575587574730[14483848717682]
-93297787786729[15962244871097]
-153392386744794[20293776947868]
-16558055942238[56365016607239/2]
41485826517180[33308851938318]
8574265054010[41887379804066]
6169367406768[69971515635443]
17614694269807[83979525486773]
-58137837079536[127528611030443]
-19379975301182[158682175700807]
51195181590714[187458398552950]
-40868783820597[187530264407868]
62506232672142[211773236092865]
142968985241936[240926005152903]
-84070296019700[258213230677943]
15908800553732[317335434728073]
20183276250931[370392816588001]
-45662912441689[594966589999007]
-3151844264348[758341235653128]
21514482128377[830202489183166]
-52316457992831[921495991549822]
-65818056076061[1115136913905711]
-41080510677810[1143900177872158]
47034591770788[1427056404016693]
21214351129160[2270451385422943]
-62311818225054[4204987898062723]
-18604455424939[6805164953551432]
13501598083230[34933376538589481/2]
