--
reference: MRW (10Aug06)
multiple: 1
--
1227860381[1454097393]
254592641[3340159163/2]
-338429553[2189376182]
-218749740[7650575553/2]
269525508[7850392761/2]
695677077[3985944689]
-652618370[4038832337]
-454297144[6608082112]
124227706[9392165427]
298568391[12957904393]
-465994982[18710140581]
-692328604[29546599818]
232261836[112899039159/2]
-1034093075[225891903693]
-631795046[265542904947]
818427019[378137211957]
584774795[3737240479718]
439240715[11830545643782]
-149859250[28148191112477]
