--
reference: MRW (18Sep04)
multiple: 1
--
35825896371[102428655030]
44413681680[121409547033]
-5039248877[138873731225]
-17916580191[202954204459]
49261524592[218123852367]
-29745453304[250645741818]
-5951864902[261002206018]
1782317043[269007136889]
21375869905[548275361132]
24943081826[656902304557]
33736696200[1372432573478]
2670396991[1622274975907]
4513562578[2710120765097]
-18430882337[3761284561432]
29257931844[8589803519307]
6787901633[10892900268195]
-10813970376[13078246979509/2]
1712561296[17780261434697]
18246838527[38759264489343]
29469168206[69971515635443]
13746735390[169838669284032]
-9741860556[342036110675693]
21601145671[772654028018543]
-3199142222[1948025182233307]
