--
reference: MRW (6Aug06)
--
56309049008[1708509266693]
3559673210419[3513625247265/2]
2130441987787[2056424542203]
3181416157612[2142498691247]
-728438591393[2267426627682]
-1460151430597[2821274326057]
1931170986241[3486467472132]
-1066439800553[7282004207843/2]
486731317050[5584843622493]
-1945783134820[5602034310634]
-1566672008906[5740631503932]
-305857070674[11244667034168]
-206700262005[12575227775843]
-120543390603[13474294213307]
-829338460356[15962244871097]
-692357653063[18203022356332]
-2645550113711[30149632444007]
-1261171853714[37179598561432]
-1033943947142[46150510628682]
-2763240139064[69971515635443]
-543782818579[114248631197147]
917868424535[406730714577182]
676438892916[686308367425978]
864231009861[1516106667217682]
-2402791499168[4439568777547493]
1166443667120[39840505668541817]
1172074102579[74295753693510382]
