--
reference: MRW (6Aug06)
--
161364484039[1259851011582]
302077871384[1686145264193]
472222483906[2267426627682]
-130106522535[2401808546428]
-514382155887[5345202735279/2]
118400878101[3621667588383]
763456117273[5142102426318]
212753536330[5602034310634]
853227741808[5688475754312]
-320151996810[6202471697443]
363782642774[7580898173568]
613748539214[12575227775843]
910061325570[15962244871097]
-32723836248[18104444568932]
763821842386[18203022356332]
60863031862[23064526452057]
217024569956[74963671338441/2]
-269990609255[38057255532937]
554679096111[69971515635443]
-121953735978[79507238248932]
-884193600449[180481359172943]
524139799112[240926005152903]
-119611398135[389928169608307]
576293318661[2549868113472987]
384494861121[4439568777547493]
397684338606[8489727499760268]
9786159665[74295753693510382]
