--
reference: MRW (18Feb05)(¢¢2.14451)
--
2556958745703[13502703082318]
-7298054833507[23780027088431/2]
-2497961307155[28456536638489/2]
3622247625974[14483848717682]
2168989911314[15962244871097]
21189988985641[33377023452861/2]
11667052452547[20293776947868]
1081259666252[24405694099301]
-9735140052467[33308851938318]
-12352627365595[41887379804066]
13410970551523[42859110883727]
1529605018407[69971515635443]
-5080898729130[83979525486773]
23584070843557[94465125845354]
6945390055837[127528611030443]
27632368817092[158682175700807]
-25134377943431[187458398552950]
-25511503574282[211773236092865]
-11623575009819[240926005152903]
32281921390094[258213230677943]
-8492686161280[317335434728073]
-23527805610439[370392816588001]
-8801649835851[758341235653128]
-3290359280767[830202489183166]
8047810424052[1143900177872158]
-2537698468765[1427056404016693]
-275666868340[2270451385422943]
30700425994810[4204987898062723]
11608373994798[6805164953551432]
