--
reference: MRW (28Mar04)
--
829834652[2112819717]
1599975819[2420845318]
-370610686[3261365450]
632030711[3985944689]
-929294731[10355370165/2]
-1036301586[6608082112]
1799756660[86479075199/2]
-1049427194[112899039159/2]
-596944308[71617196968]
1029878146[78535779057]
-1121062457[102428655030]
1362294164[225891903693]
41214986[283378114193]
359980922[324363564309]
169715207[492806748932]
-980390133[821345641657]
-759302918[3737240479718]
144443625[28148191112477]
-578730662[69971515635443]
-610070560[7474541196075273]
