--
reference: MRW (19May10)
--
-13231283166667[10649932642403]
9346013839243[11244667034168]
-6818553812814[13502703082318]
18597348423912[15962244871097]
20063702936237[20293776947868]
-2029487359169[33308851938318]
-4927333029220[41887379804066]
-24485007053023[42512655792373]
11493612404583[53453286489686]
-7061915759899[69971515635443]
786323411006[83979525486773]
6091116983038[127528611030443]
15239268845314[131001068999312]
17481793024025[158682175700807]
-7550445269045[187458398552950]
-6368281262927[211773236092865]
-7351310881332[240926005152903]
29981394618185[258213230677943]
-14150853471736[317335434728073]
-16259608409116[370392816588001]
-25628865638724[758341235653128]
-7590374371074[830202489183166]
2993299750392[1143900177872158]
27594357144206[1427056404016693]
-25551927587143[2270451385422943]
15148419004187[4204987898062723]
20887919360889[4475336554336643]
-1318787096924[5407789116841693]
14511656459537[6805164953551432]
-2278300595210[79936438620894393]
