--
reference: MRW (23Jan05)
multiple: 2
--
112324223728[138873731225]
88827363360[148431551771]
-67118749059[168722145007]
62868040643[202954204459]
-21040053633[218123852367]
-43123086289[250645741818]
47034606608[261002206018]
49821481353[269007136889]
42751739810[548275361132]
37204674507[656902304557]
45764778099[1372432573478]
-15153150373[3761284561432]
-9027125156[5745192731179]
33120918213[8589803519307]
-67910864931[10892900268195]
-8914484422[13078246979509/2]
-39145393501[17780261434697]
-56938435231[25331597869589]
14785062753[38759264489343]
26202695774[165171481279982]
36520595936[169838669284032]
-40345622904[342036110675693]
-80047142649[772654028018543]
-57995925693[1948025182233307]
