--
reference: MRW (4Aug06)(¢¢2.16176)
--
-3212856650342[12575227775843]
-3194163378047[19216305209891/2]
454590288103[13474294213307]
3385933418639[15962244871097]
4376879031091[18104444568932]
6853843685380[18203022356332]
1779344431177[18758177079442]
3036524558076[43777069138111/2]
2755544902614[23064526452057]
9663826828748[27224803284193]
6106798022186[30027152008147]
-964592739456[37179598561432]
-4990044752559[38057255532937]
-6161920398626[46150510628682]
-451885903771[52069489979033]
-2799954888711[53082257312807]
2837601238209[57262110230563]
2818244942331[69971515635443]
-6169948308323[79507238248932]
-2564904678967[169838669284032]
-11945757906972[180481359172943]
-1994590978839[240926005152903]
7018654029126[295684706259317]
932943923162[389928169608307]
1233065897165[1516106667217682]
963864176791[1900216428167270]
-5791299350248[2549868113472987]
9021548314179[4439568777547493]
-4806262967556[74295753693510382]
