--
reference: MRW (11Jul09)(*2.11305)
--
2556958745703[13502703082318]
-9796016140662[28456536638489/2]
3622247625974[14483848717682]
2168989911314[15962244871097]
28488043819148[33377023452861/2]
4368997619040[20293776947868]
-6216795167255[24405694099301]
-9735140052467[33308851938318]
-12352627365595[41887379804066]
13410970551523[42859110883727]
1529605018407[69971515635443]
-5080898729130[83979525486773]
45478235344078[94465125845354]
14243444889344[127528611030443]
42228478484106[158682175700807]
-47028542443952[187458398552950]
-47405668074803[211773236092865]
-18921629843326[240926005152903]
46878031057108[258213230677943]
-8492686161280[317335434728073]
-38123915277453[370392816588001]
-16099704669358[758341235653128]
-10588414114274[830202489183166]
-7298054833507[971747796208283]
8047810424052[1143900177872158]
-9835753302272[1427056404016693]
-275666868340[2270451385422943]
37998480828317[4204987898062723]
26204483661812[6805164953551432]
7298054833507[1070716428239341129016693]
