--
reference: MRW (19Aug11)(¢¢2.16051)
multiple: 1
--
2027495120435[16083127751238]
-297256525545[16248096944867]
-556200713026[16326085782557]
792028637879[19337029786167]
7054544007553[19507778531302]
4561335832234[20293776947868]
-3384880063396[21602138452318]
-2680563996954[69569213044365/2]
1595354332927[36918949984093]
3385383725811[69971515635443]
8989589922009[79507238248932]
2551776875109[93544794530637]
5014545617345[194151845499011/2]
10600422867290[129271780546462]
-3714979231430[269506107350815/2]
-2408635660909[309087578314273]
57151989525[412252392763333]
-1871946768609[600662758381590]
-1223511140764[686308367425978]
-3978383625964[832181505450757]
7203582700572[1015679391413874]
-4024526195412[1367017926441055]
-5930373226270[1443713070245525]
-5238619008364[2799978903689557]
-8965889488271[7783134400901473/2]
2464317841523[4088593248636842]
6009625207057[4161072789242257]
-3999071252616[6805164953551432]
914195677837[7474541196075273]
-3078630675027[74295753693510382]
