--
reference: MRW (22Feb04) 
--
744225394[3472598789/2]
1034636262[4074292887/2]
915443910[4038832337]
2514312169[12800795261/2]
-65853273[6608082112]
-1124069947[18710140581]
-13600036[24139206772]
764337640[29546599818]
2439784825[112899039159/2]
780938241[71354040503]
-598578007[225891903693]
2713762033[265542904947]
-871894617[378137211957]
810668587[1053586529897]
-2073776774[2554104718836]
-1419980653[3737240479718]
1596849437[3931260155877]
-646682205[11830545643782]
1796781206[12433164124467]
614708317[28148191112477]
