--
reference: MRW (9Aug06)
--
26393187979[10355370165/2]
-6547528062[32863722478]
-6346164314[86479075199/2]
-4470579130[112899039159/2]
-13197888507[71617196968]
12329116856[78535779057]
2044817436[102428655030]
14908581372[197877956739]
7460520079[208853282318]
-7060625975[225891903693]
2728802083[283378114193]
-9680001243[324363564309]
-6860878863[469027618483]
-2963395372[492806748932]
2888851380[821345641657]
17539452314[3737240479718]
4261165934[28148191112477]
4979007912[55707370528529]
-2559391955[69971515635443]
7460520079[74541849600668]
-3981686614[109805699900318]
-1521088525[7474541196075273]
