--
reference: MRW (13Dec04 - corrected 5Aug13)
--
1973863130622[1116763906292]
-1047877739444[2057093978843]
306025579985[2292939666693]
-1245334547357[2401808546428]
-448513612795[3215723457318]
1947047264078[4398891255452]
-923580865314[4807000526307]
437515833593[5142102426318]
-1112381605883[7580898173568]
-539481874520[16883072401443]
-612001188414[18034841395807]
-1598899071013[19805207795807]
1079396582374[20651591036669]
-291163364702[43777069138111/2]
481353795189[27224803284193]
505827536782[36384886983307]
88002320942[38057255532937]
-1154025399458[45773351286993]
-1490456742860[49741306222356]
409201687670[68680159040852]
34493388545[69971515635443]
-889999637503[74305247702057]
-128869633773[169838669284032]
-660858118538[526264109797943]
-1501620740477[2471361358083470]
-57835774735[2685728493361068]
485966472367[5664961183141174]
