--
reference: MRW (21Aug02)
--
17175570618[121409547033]
-5529496761[154258381841]
113603012073[202954204459]
12762916913[218123852367]
71651792742[223632092120]
11109513536[250645741818]
63174814503[261002206018]
5407799673[269007136889]
62624667586[390381378057]
42751739810[548275361132]
-16236132329[656902304557]
-4970193331[1372432573478]
48898367597[3761284561432]
-14443981183[13078246979509/2]
-11292763467[8589803519307]
3497305512[10892900268195]
61832874597[13350602446852]
-72704794313[17780261434697]
-29628618927[38759264489343]
13316546540[40296281386138]
36520595936[169838669284032]
-13351134141[342036110675693]
-45452379114[772654028018543]
-76206911599[1948025182233307]
