--
reference: MRW (8Aug06)
--
34815255179[102428655030]
7683541348[258710296161/2]
-115033130423[138873731225]
107364742444[154222741143]
24498602857[232262345177]
154842789754[520685905182]
71807930114[1152667749293/2]
-194900823126[1047665713307]
314127621392[1250614473568]
48884729822[1280283860113]
-96428610794[1689015353762]
-137739422958[1986594055282]
-91511573022[5142102426318]
-154634985946[7587050464193]
319969885374[10055045415142]
18058466857[13688849577057]
239613303124[21856860577557]
215809126660[24632166555862]
81434305852[27132766222219]
-128634500307[55864783210943]
-190719502939[106851921608307]
-40776452018[127528611030443]
67370607011[169838669284032]
44212453644[192793745108783]
