--
reference: MRW (9Aug06)
--
3155444650[10355370165/2]
-1091254677[32863722478]
1429145974[86479075199/2]
4228583531[112899039159/2]
7460520079[141557044489/2]
1530611955[71617196968]
-431987217[78535779057]
340802906[102428655030]
2484763562[197877956739]
-2420191009[225891903693]
-788619666[283378114193]
2116926499[324363564309]
-4873739850[469027618483]
-2980739255[492806748932]
-6979044849[821345641657]
-7460520079[1837451599807]
436402026[3737240479718]
-1776645704[28148191112477]
829834652[55707370528529]
-1669985339[69971515635443]
-3150454462[109805699900318]
989905259[7474541196075273]
