--
reference: MRW (8Aug06 - corrected 5Aug13)
multiple: 1
--
20668411339[102428655030]
-29550589540[112899039159/2]
21298388331[172946705261/2]
83477603725[138873731225]
-24702746628[201054544712]
30184255798[261002206018]
22321341179[343123176943]
-66083944477[649968883117]
138309634892[656902304557]
-29063068080[980557665862]
-29430411440[1372432573478]
80705998121[1374662101743]
42267542601[1622274975907]
26299472369[2710120765097]
161669147651[3761284561432]
13596118556[13078246979509/2]
-59964886997[17780261434697]
61723623025[37911976165961/2]
94669996770[38759264489343]
122832128524[69971515635443]
104533426495[169838669284032]
-91767142591[772654028018543]
-64389069055[1948025182233307]
-40347753120[7411710404595173]
