--
reference: MRW (9Aug06)
multiple: 7
--
29548632629[10355370165/2]
-178262660[32863722478]
2543501739[86479075199/2]
-241995599[112899039159/2]
-11667276552[71617196968]
-3023910519[78535779057]
-5074899737[102428655030]
17393344934[197877956739]
-9480816984[225891903693]
-7460520079[277386771993]
1940182417[283378114193]
-7563074744[324363564309]
3186421445[469027618483]
-5944134627[492806748932]
-4090193469[821345641657]
-7460520079[2961447369272]
10515334261[3737240479718]
2484520230[28148191112477]
5808842564[55707370528529]
3231142785[69971515635443]
-14592661155[109805699900318]
6929336813[7474541196075273]
