--
reference: MRW (8Aug06)
--
60680995554[120563046313]
40920925106[258565442223/2]
-46405608888[146235453343]
-35488256013[157245105893]
64965738470[191092631540]
29258411250[378137211957]
14738929050[529611885793]
37466912065[1097963074309/2]
71353893963[798587208809]
-17724217868[810494143407]
-29033221088[1029114662298]
-29157012777[2196973730667]
-41894118185[2267426627682]
-36762325925[3037967579288]
-19573974073[3737240479718]
-7977198181[10463035477341]
35815620032[14113057272907]
32793353868[15962244871097]
20222769119[53518224361625/2]
-3426474910[42205358676970]
19988712675[69971515635443]
18385546480[96648634011432]
-162090677[150361024828932]
-69067292434[74295753693510382]
