--
reference: MRW (9Aug06)
--
16926854029[10355370165/2]
-7460520079[27354282288]
-10734284110[32863722478]
-10633602236[86479075199/2]
-2235289565[112899039159/2]
-2868684214[71617196968]
-1295961651[78535779057]
8482928797[102428655030]
7454290686[197877956739]
-7260573027[225891903693]
-2365858998[283378114193]
-8570260661[324363564309]
-7160699471[469027618483]
-1481697686[492806748932]
-6016094389[821345641657]
1309206078[3737240479718]
2130582967[28148191112477]
2489503956[55707370528529]
2450564062[69971515635443]
-1990843307[109805699900318]
-7460520079[399267828838807]
-4490804302[7474541196075273]
