--
reference: MRW (18Sep04)
multiple: 5
--
118088347682[121409547033]
68384832622[138873731225]
27749144718[202954204459]
142327562242[218123852367]
-86929830338[250645741818]
-10144512864[261002206018]
231711090102[261217252912]
103675817998[269007136889]
234610378909[548275361132]
100964440464[656902304557]
296414510384[1372432573478]
103980060718[1944056438568]
-272467049316[3761284561432]
-52581608247[5142102426318]
-94637258817[8589803519307]
44338491876[10892900268195]
82877005439[13078246979509/2]
231058068647[17780261434697]
-36496836749[38759264489343]
16152068703[169838669284032]
-185656160099[342036110675693]
151371508667[772654028018543]
78768521673[1948025182233307]
-75149421137[1976865441422893]
