--
reference: MRW (6Aug06 - corrected 5Aug13)
--
150826492570[1047665713307]
625013976717[2056103452041/2]
720157300458[1259851011582]
-131355480890[1273911086135]
584003969056[1921044951457]
-701594042661[4520110962223]
386105087256[5142102426318]
234000331692[5688475754312]
341128031312[17857722814749/2]
612485717914[15962244871097]
-841065208399[17545341943072]
-98296679411[18104444568932]
286801311740[18203022356332]
97883857419[18758177079442]
175487986040[43777069138111/2]
416591587266[23064526452057]
235784039069[27224803284193]
351315467458[55864783210943]
-89877455982[57262110230563]
390307729012[169838669284032]
18927603192[180481359172943]
149029586157[240926005152903]
130187590204[320714306992682]
-678431136145[389928169608307]
-209181215693[1516106667217682]
395732166417[2549868113472987]
24691114285[4439568777547493]
