--
reference: MRW (10Aug06)
--
1604177866[1832735843]
8945442201[4417955351/2]
5246325785[3411640081]
-11917196107[5475957057]
-497462900[6852438287]
-4162780408[8120692247]
6864298319[12139595709]
2094108006[50211838227]
-4390233315[112899039159/2]
-4834805238[115004793075/2]
-8632204046[113201494333]
-16567609751[120563046313]
-4617609987[396865168415]
-699319938[460973867151]
6463926325[831235366457]
-12966266[13483667897487]
-3620641404[15962244871097]
-3569365793[43777069138111/2]
-1318733128[169838669284032]
-3969089553[180481359172943]
