--
reference: ASN (21Jun11)
multiple: 1
--
-23209838953[102428655030]
-487521460[112899039159/2]
10261732192[120563046313]
-59523256784[120997144843]
44901203140[121409547033]
73512557735[138873731225]
-7687198175[202954204459]
63800773898[261002206018]
21298388331[269007136889]
21375869905[548275361132]
-59523256784[585933594225]
143989595394[656902304557]
43510906932[1372432573478]
91451585619[1622274975907]
5001084038[2710120765097]
-27717571609[3761284561432]
28218172200[13078246979509/2]
-22502380387[10892900268195]
-38782145660[17780261434697]
77770095311[38759264489343]
68988832242[69971515635443]
73269992174[169838669284032]
-67180042957[772654028018543]
-43206327718[1948025182233307]
