--
reference: MRW (24Feb04)
multiple: 1
--
7637076323867[20293776947868]
-668043096379[33118869842107]
-2873166117537[33308851938318]
-1113993674931[38057255532937]
9192230346180[41887379804066]
10333922560774[68626143507693]
-7254850517722[69971515635443]
4180744177827[71736735559237]
6060141219559[83979525486773]
1811123812987[114011218145573]
-3849416183354[127528611030443]
11638500404140[158682175700807]
3641453701360[159773026302313]
6632966466207[180481359172943]
6043811940474[187458398552950]
4819288554932[199921633110818]
1060186262608[211773236092865]
-8155967435629[240926005152903]
3179064765881[258213230677943]
-1714955946374[317335434728073]
-1168908312399[370392816588001]
-5563338800502[372274117624457]
5448746319776[758341235653128]
-951696109884[830202489183166]
671970204216[977167012914932]
7507519251797[1143900177872158]
4223343766114[1427056404016693]
-9804124576162[2270451385422943]
3614445038874[4204987898062723]
2002305883272[6805164953551432]
