--
reference: MRW (8Aug06)
--
233948390286[121409547033]
-101723279429[181932669739/2]
679722392[138873731225]
244874666770[202954204459]
-136058298727[218123852367]
-6770343867[239811563516]
-3310549506[250645741818]
160766369973[261002206018]
14374076285[269007136889]
77668297449[548275361132]
83631457711[656902304557]
19797840772[1372432573478]
121072536379[3761284561432]
80565274746[13078246979509/2]
-11692702608[8589803519307]
106289515305[10892900268195]
-93937001379[16081448958596]
-80788126518[17780261434697]
107477689113[61788694303449/2]
55756449764[38759264489343]
149733829466[169838669284032]
161921136562[342036110675693]
-237093685802[772654028018543]
-7340645377[1948025182233307]
