--
reference: MRW (6Aug06)
--
449445074511[1250614473568]
828323092161[2554491928011/2]
-582252407871[2057093978843]
-811134994582[2292939666693]
3730470664079[2423153939240]
-2441030478580[6646491492891/2]
-464695240055[3419484435037]
-151546776567[5142102426318]
692531716973[8474689723323]
-1178221076569[14483848717682]
-643419386596[16883072401443]
-1857390916613[18104444568932]
-1455635700887[21856860577557]
-912597707774[43777069138111/2]
260250633390[27132766222219]
-204218290489[27224803284193]
1459062379993[35527561593282]
779586775219[45773351286993]
751767538566[74305247702057]
-1892750899659[79090959114159]
-1203355336335[159493341500663]
-1297452678871[169838669284032]
-2159453143134[229180244713453]
-140532290453[526264109797943]
2162719052033[903521917122898]
-784602019782[1427056404016693]
-351193159291[9505680304081018]
