--
reference: MRW (9Aug06)
--
3155444650[10355370165/2]
-5278010725[41503645877]
7798411376[86479075199/2]
3137328854[112899039159/2]
439357278[71617196968]
4846023508[78535779057]
-750451771[102428655030]
2484763562[197877956739]
-1328936332[225891903693]
302635011[283378114193]
2116926499[324363564309]
1495525552[469027618483]
-1889484578[492806748932]
-4796535495[821345641657]
-4186756048[2865230276307]
436402026[3737240479718]
1091254677[9710533092723]
4592619698[28148191112477]
829834652[55707370528529]
-578730662[69971515635443]
-3150454462[109805699900318]
2081159936[7474541196075273]
