--
reference: MRW (21Nov09)
multiple: 1
--
3138319617997[14483848717682]
1890669710584[34545983044739/2]
1513366809802[21881002771243]
3523308138480[22704779535001]
1322871101649[26573652775818]
-1254406440364[64380110653261/2]
1494093320355[38057255532937]
4647717583065[41887379804066]
4883077424130[92253116774513/2]
-3403624851052[55347780120443]
-130452178517[69971515635443]
2293885872929[83979525486773]
-1745679631143[127528611030443]
-1400544455619[139889483331112]
4470308010974[187458398552950]
-617034959100[211773236092865]
5072790265646[317335434728073]
-5297338553083[320714306992682]
-1901409671639[370392816588001]
-2395020153659[547264454742455]
3079188464882[758341235653128]
2809410856819[830202489183166]
4679963874983[977167012914932]
4532642038474[1143900177872158]
-494598534196[1427056404016693]
1191094740280[2270451385422943]
3300931007290[4204987898062723]
1990914198028[6604584685078343]
-4083577369932[6805164953551432]
367177749545[17251727577487177]
