--
reference: MRW (24Feb04)(¢¢2.08045)
multiple: 3
--
8391216313226[5727066010185]
16587796305492[5945958754193]
-24200855354920[7601001102973]
2400046763176[7758917519457]
12512259886757[11244667034168]
-8108083834444[13502703082318]
-20270198287374[14483848717682]
15765744753728[15962244871097]
11353589954912[20293776947868]
3113698985408[33308851938318]
10975170794856[41887379804066]
-15640283975438[69971515635443]
1548025483329[83979525486773]
-15907822732519[127528611030443]
5916627786444[158682175700807]
26050038434821[187458398552950]
9052372856911[211773236092865]
-12910263290198[240926005152903]
4499740332721[258213230677943]
23031246453200[317335434728073]
-5906771700373[370392816588001]
23914696138900[758341235653128]
10599105818722[830202489183166]
10569001264663[1143900177872158]
936833960323[1427056404016693]
-14601249844826[2270451385422943]
8118666789845[4204987898062723]
7465030151375[6805164953551432]
