--
reference: MRW (8Aug06)
--
-487521460[112899039159/2]
-12948106761[120563046313]
8587785309[121409547033]
13989300951[138873731225]
28626219656[202954204459]
63800773898[261002206018]
21298388331[269007136889]
13103578878[343123176943]
57689287736[548275361132]
48152920779[656902304557]
20301067979[1372432573478]
23209838953[1374662101743]
18824749957[1622274975907]
5001084038[2710120765097]
-4507732656[3761284561432]
5008333247[13078246979509/2]
37020876397[10892900268195]
-2468727829[17780261434697]
5143259649[38759264489343]
32675414411[69971515635443]
13746735390[169838669284032]
-30866625126[772654028018543]
-6892909887[1948025182233307]
-36313417831[7411710404595173]
