--
reference: MRW (22Jan04)
--
517318131[1479406293]
312516521[4038832337]
2060209196[9561488343] 
425563777[18471834623]
1257923342[18710140581]
-289243906[24139206772]
471837629[24858161060]
2139561357[37017669307]
-992312977[71354040503]
1878786033[102416588812]
-37263672[112899039159/2]
-889430828[113201494333]
-111097212[225891903693]
-1566703003[374583684956]
-1202782691[378137211957]
-595278984[1053586529897]
-138497784[2554104718836]
708216150[3737240479718]
847196313[3931260155877]
-1347815704[28148191112477]
