--
reference: HCL (07Feb04)
--
3155444650[34648377057]
7740035274[86479075199/2]
12603662804[112899039159/2]
7841501255[71617196968]
15403612135[78535779057]
-17558986419[102428655030]
1393508885[197877956739]
-4484380982[225891903693]
21055233975[257792269818]
17111169659[283378114193]
-10563228203[324363564309]
18991044002[344341500807]
-1091254677[850356815335/2]
7806414852[469027618483]
-6136183905[492806748932]
3636919880[821345641657]
-1627787947[3737240479718]
14058953648[28148191112477]
829834652[55707370528529]
-4825429989[69971515635443]
-5214644435[109805699900318]
2081159936[7474541196075273]
