--
reference: MRW (9Aug06)
--
3155444650[11986567107]
-1091254677[32863722478]
4584590624[86479075199/2]
-6387381198[112899039159/2]
7841501255[71617196968]
13339422162[78535779057]
16926854029[88795461697]
20423101585[102428655030]
-17597535117[197877956739]
-5575635659[225891903693]
-3944064316[283378114193]
8427815799[324363564309]
-11184629150[469027618483]
13946114774[492806748932]
-16445378799[821345641657]
17363256055[3737240479718]
20082298679[3887225905412]
11994763675[28148191112477]
-19252464027[55707370528529]
15256868690[69971515635443]
13776399567[109805699900318]
21072203938[7474541196075273]
