--
reference: ASN (17Jun11)(¢¢2.17215)
--
-118088918873504[12575227775843]
-17597964864633[13474294213307]
-3963120511425[15962244871097]
162155048247645[18203022356332]
74705092200707[18758177079442]
-118298088106436[19315514384367]
80522769627245[43777069138111/2]
17838618413751[24583813961543]
-15882954031503[37179598561432]
49187971423798[38057255532937]
5198273964529[46150510628682]
44731906944396[52069489979033]
-60766707160818[53082257312807]
4772305940997[69971515635443]
-54411458512700[175614682377261/2]
13154940517028[169838669284032]
-56245594657329[180481359172943]
116006904505117[240926005152903]
65093451434974[295684706259317]
10878717967160[389928169608307]
-72404473410602[686308367425978]
-40748692751130[1280491925873282]
68170206227813[1516106667217682]
-48422489762691[1900216428167270]
77528862517666[4184847325111003]
134222033539414[4439568777547493]
-48584870035534[24412992821228897]
-126813058753817[38716856599806432]
-93479276880519[39840505668541817]
24606486548335[74295753693510382]
