--
reference: MRW (08Nov00)
--
820540338[2189376182]
524118149[5493779561/2]
829834652[4038832337]
160411173[6608082112]
-256148894[16758521543/2]
-107898648[9392165427]
-245693183[12957904393]
-124876816[36523075989/2]
1036601465[18710140581]
685391027[29546599818]
276292319[38185029043]
-1339225101[112899039159/2]
-894452842[265542904947]
196850990[378137211957]
-808475623[579766497643]
246358797[3737240479718]
169715207[11830545643782]
-538950115[46150510628682]
-619918875[69971515635443]
149859250[24412992821228897]
