--
reference: MRW (10Aug06)
--
829834652[2112819717]
924084898[2420845318]
524118149[5493779561/2]
-142470930[4474115807]
-734041669[6608082112]
-683653229[16758521543/2]
81889997[36523075989/2]
758889679[29546599818]
196850990[38835168211]
-894038990[42354792693]
1401398506[86479075199/2]
-189784762[112899039159/2]
9294314[89257170067]
418763249[324363564309]
-17567341[579766497643]
246358797[3737240479718]
312186137[11830545643782]
-546328678[69971515635443]
216061127[7474541196075273]
253403810[24412992821228897]
