--
reference: MRW17Aug03)
multiple: 1
--
517318131[1479406293]
1478714793[5760773543]
766321301[6608082112]
-1236027485[18710140581]
1215989303[37954184589/2]
1530245814[24858161060]
-416478203[29546599818]
1806415706[112899039159/2]
-338415998[113079487129/2]
451014305[70753148211]
463292814[94111829193]
-896230846[102416588812]
-1239650210[113201494333]
785271193[265542904947]
-998717327[378137211957]
-1069698725[3737240479718]
-488717166[5720348475587]
553253400[8256835333313]
-312516521[10041983931693]
-56276469[11830545643782]
