--
reference: MRW (24Feb04)
--
1240281330844[5727066010185]
2185752552001[5945958754193]
-289207005442[7601001102973]
-1092249404760[7758917519457]
1084494955657[9952436262333]
3166320047870[10546511281730]
-1257457520155[13502703082318]
341485018272[28456536638489/2]
-410978756207[14483848717682]
-546229288219[33377023452861/2]
518891111762[24405694099301]
3061507704957[41887379804066]
-1320650349239[42859110883727]
-937345071537[69971515635443]
1836658843682[83979525486773]
392351548245[94465125845354]
-554228839323[127528611030443]
1137683811813[187458398552950]
1179868979399[211773236092865]
3578537731816[317335434728073]
469570380580[370392816588001]
2940450923270[758341235653128]
1149217345117[830202489183166]
2091009648274[1143900177872158]
-1788804222836[1427056404016693]
-249515343061[2270451385422943]
-1624537009908[4204987898062723]
-1709748088251[6805164953551432]
