--
reference: MRW (13Apr07)
--
38025680119[104279454193]
68219900337[108813338187]
40270940122[157245105893]
36312357380[195681621507]
27928026247[432529546649]
14092008542[501226901209]
-7614136120[539080504531]
14027892779[751830514193]
-23604856579[807477925657]
15446114069[1771130530361/2]
16773301494[1107182624153]
59014749533[1921044951457]
13717013720[2359916741811]
-7730667208[2723656442157]
34913430383[8914226121489/2]
2335005820[5688475754312]
-26281274494[7078665458307]
-4428304261[8885683084543]
5065503505[15962244871097]
-20951063382[22486542112682]
-19307768875[195894972911511/2]
-6752992692[159162340999667]
32038670810[389928169608307]
-14232667788[4439568777547493]
