--
reference: MRW (21Aug02)(¢¢2.00706)
--
98056651974[138873731225]
34542086894[148431551771]
213541933371[168722145007]
267981478931[202954204459]
-21208528933[221943811240]
77548368872[261002206018]
-146236694042[269007136889]
-196034115443[548275361132]
90062951177[656902304557]
138424955237[662573197307]
-235041346358[1372432573478]
185529697692[2105653391693]
363373680417[3761284561432]
184325504911[5142102426318]
90267693380[5745192731179]
-407688507599[13078246979509/2]
-146787647436[10892900268195]
-302961914817[17780261434697]
-31984026331[38759264489343]
-131920113363[165171481279982]
31828326787[169838669284032]
-297651998354[772654028018543]
-110436924616[1948025182233307]
97212090152[1976865441422893]
