--
reference: MRW (23Jan05 - corrected 5Aug13)
--
-23209838953[102428655030]
9774210732[120563046313]
43926160220[121409547033]
13989300951[138873731225]
51836058609[202954204459]
4765038574[261002206018]
-37249825533[269007136889]
59035735324[391410916593]
21863391365[548275361132]
83491295690[656902304557]
-16012349852[1372432573478]
31928328835[1622274975907]
487521460[2639669568570]
4513562578[2710120765097]
30830642255[3761284561432]
36533354937[10892900268195]
-30817563124[13078246979509/2]
-38294624200[17780261434697]
17759317067[38759264489343]
9465575458[69971515635443]
13746735390[169838669284032]
58548213864[292512967855698]
-8144307633[772654028018543]
-42718806258[1948025182233307]
