--
reference: MRW (6Aug06)
--
472697447931[1302521889511/2]
-120292389019[1413806957179/2]
1016328202399[2554491928011/2]
70102075140[2057093978843]
-396482930684[2292939666693]
1762854741440[2423153939240]
-1338815731989[6646491492891/2]
137120202904[3419484435037]
161259736271[5142102426318]
-461260592473[16883072401443]
-596905911013[18104444568932]
114697267034[43777069138111/2]
-296964024361[27224803284193]
553338448322[35527561593282]
-47328144973[36129306114972]
836723767810[45773351286993]
661268579361[74305247702057]
64967809777[78277699747376]
-595137306935[79090959114159]
-56147977375[110440936365807]
-708226166259[159493341500663]
-358755593623[169838669284032]
-319304205961[229180244713453]
553333432215[526264109797943]
846337290539[903521917122898]
-149812623762[1427056404016693]
-534765784590[9505680304081018]
