--
reference: MRW (16Sep10)
--
-204963366395[1921044951457]
223705030795[2401808546428]
696199994468[5345202735279/2]
-13339017542[3621667588383]
495064329357[4749927118057]
288769605329[5142102426318]
858317412697[5602034310634]
600612887551[5688475754312]
-198737649514[6202471697443]
141710985087[7580898173568]
928342707702[8283978614930]
-302077871384[9339643670807]
718693033643[15962244871097]
118315099444[18104444568932]
854692993112[18203022356332]
-584856702719[20519945126283]
-90175903830[23064526452057]
-4507699049[74963671338441/2]
-228582475656[38057255532937]
79453195485[69971515635443]
-150499547010[156235501440983/2]
-65481694840[180481359172943]
-474696241903[240926005152903]
-191183508812[389928169608307]
162313980365[2549868113472987]
606566518808[4439568777547493]
195451109650[8489727499760268]
