--
reference: MRW (6Aug06)
multiple: 1
--
241155485330[1302521889511/2]
200386020031[1957312491989/2]
284220172327[1688341225737]
-78802278433[2056424542203]
-220734532932[2292939666693]
287871086106[2423153939240]
373306845923[6646491492891/2]
-393189882394[3419484435037]
159024559561[4077098364516]
171969333528[5142102426318]
-110721367838[18104444568932]
-390669273173[43777069138111/2]
457365563874[27224803284193]
-508995850474[29308445163057]
11330248256[35527561593282]
406989102859[36129306114972]
-128957635644[78277699747376]
311890793755[79090959114159]
188461089471[110440936365807]
117838676866[159493341500663]
-270717262204[169838669284032]
-468721536728[229180244713453]
-17343948324[339124474237367]
22444924467[526264109797943]
-238704046244[1427056404016693]
84995455930[3244023007885213]
-37094953960[9505680304081018]
