--
reference: MRW (10Aug06)
--
1187999219[2406126693]
-449692778[3024600267]
1498277170[4038832337]
29430211[6608082112]
149859250[12139595709]
452975534[20112174818]
222267002[47029703269/2]
-278208543[29546599818]
-863633300[63770783801/2]
1898435546[35217386577]
438226634[112899039159/2]
-262725490[120563046313]
536315641[215644443543]
-1459029479[265542904947]
373825321[378137211957]
-965199380[3737240479718]
-456492796[6494737887682]
-882630810[16784619514521/2]
742356999[11830545643782]
-517318131[210894042529419]
