--
reference: MRW (6Aug06)
multiple: 1
--
966345861404[2056424542203]
646373934219[2276161346189/2]
-762388764668[2267426627682]
-1042841410715[3486467472132]
1110044101953[7282004207843/2]
-350975657972[5584843622493]
13699319450[5602034310634]
255373840576[5740631503932]
337087735719[19216305209891/2]
247214114382[11244667034168]
-1903738878947[12575227775843]
536418994202[13474294213307]
1575568185539[15962244871097]
1515917032744[18203022356332]
228530774177[30149632444007]
-342779579349[37179598561432]
-300049864958[46150510628682]
-1445815064909[53082257312807]
-544581203702[69971515635443]
459249133566[175614682377261/2]
-55811690980[114248631197147]
823508563907[169838669284032]
500145103155[295684706259317]
-1276705341680[686308367425978]
1008174557553[4439568777547493]
-1613453281695[39840505668541817]
-273536316208[74295753693510382]
