--
reference: MRW (4Aug06)
--
11442810494710[12502765871656]
25590784731078[13502703082318]
556324124849[15962244871097]
13834020076948[20293776947868]
10426024572504[56823139867939/2]
9194421065115[33308851938318]
5745843217181[41887379804066]
5130911311278[42512655792373]
6948337877440[69971515635443]
19780836290701[83979525486773]
-3172284126795[109386512159826]
-2504408340114[127528611030443]
4579515127179[158682175700807]
-12219823298319[187458398552950]
15796704755358[211773236092865]
-5504556252810[240926005152903]
-7171928483659[258213230677943]
4411112895005[317335434728073]
-1592779860738[370392816588001]
21529687117691[758341235653128]
-859285041771[830202489183166]
1830428111556[1143900177872158]
-20839361106436[1427056404016693]
-6247670618676[2270451385422943]
-545099046762[4204987898062723]
-20404988068618[4475336554336643]
-15560385671750[5364838594036907]
9609740062657[5407789116841693]
-19749455720751[6559960445784918]
-11569726116446[6805164953551432]
