--
reference: MRW (9Aug06)
multiple: 1
--
3155444650[10355370165/2]
2520400651[86479075199/2]
2046074177[112899039159/2]
5278010725[65815220307]
439357278[71617196968]
659267460[78535779057]
-750451771[102428655030]
2484763562[197877956739]
-237681655[225891903693]
1091254677[520629831511/2]
-788619666[283378114193]
-3161084226[324363564309]
-1889484578[492806748932]
-2691230496[1057852873951/2]
-609779447[821345641657]
1931927578[3737240479718]
405863650[28148191112477]
-1495525552[76154600377261/2]
829834652[55707370528529]
3608025386[69971515635443]
-3150454462[109805699900318]
3576685488[7474541196075273]
