--
reference: MRW (6Aug06)
multiple: 1
--
206926574800[1107182624153]
311449549664[1588906191929/2]
1125466308108[1131133876777]
-608942826367[2276161346189/2]
594845586608[2056424542203]
-432053586007[2292939666693]
-992443235249[2554104718836]
424901351973[5426436245407]
120250837317[5727066010185]
-149795943855[5945958754193]
-63678588524[7758917519457]
-996795878[10209548813937]
182844136923[11244667034168]
-350387427160[15962244871097]
47069829139[33308851938318]
-942625710128[41887379804066]
-93763473413[69971515635443]
-3292821373[158682175700807]
-528750506986[187458398552950]
-296232042621[211773236092865]
-1764096938[258213230677943]
51644752816[370392816588001]
122971666364[463881089866359]
216578131622[758341235653128]
-21991862638[1427056404016693]
372188477256[2270451385422943]
29400996190[4204987898062723]
